voyager.png 118 37 24 31 187 49 21 26 298 56 20 22 386 23 24 28 253 191 22 26 302 176 22 21 139 433 27 32 247 458 28 28 340 431 28 31 
puneet.png 55 132 24 24 126 112 20 22 121 157 24 24 158 146 22 24 204 149 21 21 245 143 21 21 279 135 17 17 319 122 21 21 294 169 17 21 354 152 17 22 377 149 22 24 398 123 16 20 415 140 21 20 485 130 24 26 
people.png 81 94 38 32 205 102 32 33 266 100 27 28 333 125 20 24 411 114 20 24 476 117 24 24 541 95 24 32 623 122 32 27 203 212 32 37 333 246 26 31 502 253 31 33 610 235 26 28 
boat.png 331 224 26 31 488 225 31 28 
cnn1630.png 148 70 22 24 
cnn1160.png 71 59 16 17 157 54 16 16 
cnn2600.png 135 75 52 59 
cnn1714.png 102 90 64 86 
cnn2221.png 118 59 47 49 
cnn1260.png 109 68 76 88 
knex37.png 174 72 42 36 
life2100.png 60 151 17 17 106 199 22 22 147 185 21 27 
knex0.png 58 75 53 59 
cnn1085.png 126 73 49 63 
cnn2020.png 111 72 84 88 
life7422.png 70 70 26 26 
eugene.png 99 184 79 81 
next.png 72 14 22 26 139 28 20 26 216 51 16 21 285 47 21 24 351 27 20 22 89 160 22 21 182 137 22 26 274 144 21 26 
ds9.png 42 122 37 43 100 35 33 33 156 101 33 37 210 44 27 40 293 72 32 38 396 156 33 42 474 112 27 38 563 130 32 38 
baseball.png 83 34 40 44 
book.png 91 380 22 27 170 373 21 24 
tammy.png 110 147 38 42 
original1.png 29 43 20 21 119 47 17 21 89 104 20 21 161 74 16 21 200 111 16 24 318 56 15 17 323 84 20 26 377 32 20 22 
original2.png 56 355 49 58 198 340 54 63 354 243 54 70 563 201 56 72 469 110 49 54 280 169 52 53 132 182 48 56 
voyager2.png 55 144 47 59 168 159 44 53 347 54 42 49 525 103 52 48 263 220 44 48 429 195 44 47 151 279 52 56 338 316 49 49 519 302 47 54 
plays.png 31 569 86 101 327 89 31 31 403 112 24 24 486 88 24 27 
lacrosse.png 88 40 34 33 
hendrix2.png 38 57 47 52 
judybats.png 38 388 49 52 127 227 134 161 372 408 26 22 430 330 64 75 630 434 38 43 
mom-baby.png 55 45 64 64 126 165 54 54 
kaari-stef.png 60 87 96 96 289 95 75 76 
kaari1.png 74 124 104 112 
kaari2.png 113 43 64 76 
shumeet.png 180 93 44 47 
aerosmith-double.png 87 131 37 38 108 24 32 37 161 100 32 42 229 47 31 37 276 119 33 40 
pace-university-double.png 14 99 32 38 156 86 37 42 241 124 37 36 358 91 38 36 458 99 38 40 573 106 36 33 692 94 38 43 781 112 36 40 
hendrix1-bigger.png 125 70 38 48 67 366 21 24 125 361 27 33 170 370 16 22 53 633 22 27 121 619 26 32 169 622 20 26 330 110 22 24 386 77 20 22 455 87 27 31 324 376 22 27 384 346 20 22 454 352 24 33 330 642 31 32 382 624 20 24 458 614 22 32 590 111 27 27 644 94 22 22 715 84 22 32 582 366 28 36 646 352 33 32 700 366 28 26 583 627 26 31 644 610 31 33 707 621 22 27 
blues-double.png 102 35 31 38 179 76 27 32 267 54 28 31 354 34 31 36 
music-groups-double.png 27 138 32 36 75 112 31 36 135 84 31 36 251 89 32 27 330 243 44 49 464 204 40 48 424 313 47 56 563 237 40 52 
henry.png 104 116 276 212 441 63 100 88 464 223 64 79 351 370 85 84 
Arsenal.png 73 54 22 24 56 98 21 27 132 41 24 32 191 59 20 27 230 82 24 32 277 65 22 31 314 34 26 33 373 33 22 28 440 19 22 28 170 179 27 36 246 173 26 31 357 155 24 24 456 164 26 31 536 182 26 32 602 184 16 32 557 51 20 27 
Argentina.png 38 55 26 31 132 51 27 26 234 51 26 26 338 39 24 26 438 60 24 24 529 47 22 28 51 208 24 28 153 205 27 27 288 215 24 31 408 203 24 32 542 202 26 27 
Brazil.png 26 65 22 26 113 67 20 27 210 44 22 26 329 42 21 24 449 52 20 22 534 64 26 26 88 167 22 31 210 187 24 32 339 180 21 27 471 191 21 26 592 193 26 27 
USA.png 53 78 22 26 165 88 20 26 273 91 20 28 380 93 20 24 471 79 20 26 556 76 20 26 35 257 22 24 143 252 21 22 262 234 21 26 400 236 22 26 511 236 21 24 63 355 32 52 123 361 37 37 190 366 43 42 
Colombia.png 46 78 21 24 155 63 24 26 267 51 22 22 386 57 22 24 504 72 22 24 587 68 24 27 114 221 24 27 227 210 26 28 336 174 24 27 450 218 26 31 556 216 24 28 
Ecuador.png 80 80 21 22 177 81 20 24 280 76 22 24 376 78 22 22 459 81 20 26 540 88 21 24 5 183 22 28 109 208 26 27 209 222 28 28 327 211 26 33 459 208 22 27 581 232 20 27 
me.png 141 36 22 28 
England.png 22 58 21 22 110 75 26 26 211 69 22 27 313 54 24 27 425 43 22 27 542 73 22 24 29 228 22 27 151 243 24 27 258 241 24 31 405 246 28 32 540 249 26 27 
tp.png 28 50 41 47 
Germany.png 25 62 24 27 127 80 22 27 238 56 26 24 362 68 21 22 463 74 22 24 573 83 26 27 32 234 22 28 157 230 22 33 304 231 26 28 448 247 27 28 590 240 24 28 
albert.png 65 25 32 34 
board.png 197 168 24 31 218 260 31 33 236 328 31 36 309 189 31 42 307 261 22 33 312 320 32 42 378 193 31 36 378 262 32 40 379 320 31 32 
brian.png 51 33 28 32 
cards-perp-sml.png 69 155 22 22 157 153 20 22 236 152 17 21 102 82 20 22 207 89 20 21 74 31 17 22 147 30 17 17 229 27 21 20 
frisbee.png 57 71 24 26 99 93 31 31 186 96 26 28 223 96 27 32 142 34 31 27 
kymberly.png 42 34 41 43 
oksana1.png 109 69 24 27 165 76 17 21 197 63 20 27 
soccer.png 21 67 17 22 63 66 20 22 116 65 22 24 181 71 22 24 260 55 22 22 340 73 24 22 422 62 20 22 507 73 22 22 596 58 24 28 110 209 24 26 185 224 22 21 261 215 24 24 363 237 24 32 449 236 20 27 531 215 22 27 
tommyrw.png 94 77 28 28 
torrance.png 137 74 32 38 198 88 27 24 
trek-trio.png 23 127 21 22 112 56 37 38 223 124 24 24 
trekcolr.png 35 35 36 39 82 24 36 40 129 24 26 25 
tp-reza-girosi.png 27 47 24 28 87 56 26 32 151 30 27 31 
oksana1.png 132 68 17 22 
cards-perp-sml.png 68 255 20 22 144 261 17 21 
J-L_Picard.Baldy.png 180 72 24 47 
addams-family.png 86 515 33 37 144 413 40 43 334 186 37 37 428 159 31 37 720 94 38 48 664 396 36 36 741 563 42 36 
aeon1a.png 177 119 107 102 
audrey1.png 138 114 76 85 
audrey2.png 69 164 124 134 
audrybt1.png 134 46 32 31 
bksomels.png 174 92 68 81 
bttf206.png 231 130 80 88 
bttf301.png 72 35 38 43 143 105 33 33 216 111 36 36 334 52 36 42 465 79 32 38 513 133 36 33 
bwolen.png 20 28 24 31 
cfb.png 60 57 58 58 
clapton.png 181 101 69 74 
class57.png 106 512 27 31 117 364 31 27 168 310 26 26 197 273 26 28 154 238 24 27 201 196 22 22 228 417 28 37 249 365 28 31 284 312 28 24 275 221 27 26 352 192 21 24 384 236 22 22 349 305 26 24 357 370 28 28 347 440 31 28 292 504 31 32 485 495 32 28 420 361 27 24 488 354 27 31 456 298 24 26 484 255 24 24 481 173 22 21 582 333 28 28 613 419 28 28 674 503 31 33 815 511 36 31 972 498 32 32 1135 520 32 31 1012 435 32 28 1173 427 26 28 1096 368 28 27 973 385 26 28 847 425 31 28 745 436 27 24 679 389 27 26 715 311 28 31 797 394 28 27 844 358 28 31 952 319 26 24 1063 328 28 26 987 267 22 27 1114 283 26 28 1047 220 27 22 796 283 27 26 831 264 22 21 882 253 22 26 946 226 24 20 1003 197 24 26 883 194 21 20 828 193 26 24 736 249 26 24 653 280 24 28 577 265 26 27 540 222 22 24 601 180 22 26 635 233 22 24 710 174 24 27 
cpd.png 162 116 95 127 
crimson.png 211 367 191 250 
divinci-man1.png 283 194 28 31 
er.png 124 60 22 22 72 137 26 22 145 264 24 31 262 239 26 24 341 44 22 26 406 94 21 36 
ew-courtney-david.png 84 66 42 47 130 56 52 58 
ew-friends.png 124 73 21 20 157 59 20 21 200 69 17 21 127 121 21 24 163 132 21 21 209 120 21 22 
gigi.png 117 96 68 72 
gpripe.png 14 25 28 31 65 35 48 54 
herbie-hancock.png 272 367 96 102 
jackson.png 235 170 80 79 
john.coltrane.png 80 144 118 129 
karen-and-rob.png 90 205 37 37 198 46 38 36 
larroquette.png 74 116 27 26 115 105 21 22 135 156 21 20 183 135 21 22 222 101 21 17 264 148 21 22 334 156 24 20 378 117 24 27 104 225 22 21 
lawoman.png 51 96 36 43 115 124 32 42 175 124 31 40 244 148 33 40 
life-cover.png 265 315 85 117 
life-dreams.png 899 341 16 17 
madaboutyou.png 204 274 38 47 397 283 36 40 
married.png 39 96 36 40 170 46 36 40 295 60 33 37 
mickymouse-self-p.png 419 264 27 26 546 307 85 112 
mona-lisa.png 190 153 88 101 
natalie1.png 127 190 303 336 
nens.png 37 164 22 20 91 169 22 17 143 173 21 17 191 166 21 17 169 100 21 20 119 108 21 20 63 106 21 21 16 88 24 21 48 38 21 20 96 29 21 21 150 16 22 20 202 25 21 21 237 113 20 17 153 236 22 22 
newsradio.png 101 269 40 49 222 187 38 44 317 265 36 42 385 211 56 47 315 132 44 44 234 88 38 40 56 129 47 52 142 173 37 42 
our-cards.png 551 46 28 32 114 787 38 36 
patio.png 130 49 36 38 
police.png 144 234 53 60 236 236 59 58 347 224 56 60 
rehg-thanksgiving-1994.png 123 92 22 28 165 163 26 27 222 87 20 20 298 124 21 22 295 77 22 20 354 90 21 21 411 98 24 24 
sarah4.png 108 146 118 133 
sarah_live_2.png 52 46 372 396 
seinfeld.png 103 51 24 27 162 65 26 24 239 61 26 21 327 47 22 28 
speed.png 38 46 27 26 
tori-crucify.png 148 158 63 68 
tori-entweekly.png 188 128 118 149 
tori-live3.png 200 50 52 49 
tress-photo-2.png 153 136 16 15 
tress-photo.png 176 147 24 22 
u2-cover.png 190 211 91 60 
waynesworld2.png 129 93 32 37 257 68 33 31 
window.png 124 48 24 31 214 49 28 27 
wxm.png 40 31 27 28 
ysato.png 74 75 47 58 
our-cards.png 550 250 31 33 70 958 32 38 